VS = 4.395269124478685
S = 8.508138249389226
M = 16.469620953940066
L = 31.88105392926987
VL = 61.71372143193483