VS = 6.3375179612117245
S = 8.43928111212605
M = 11.23806924499352
L = 14.965042481379408
VL = 19.92802247318948